[gd_scene load_steps=10 format=3 uid="uid://lmmitd6y842u"]

[ext_resource type="PackedScene" uid="uid://2tsqexqlhs7u" path="res://scenes/levels/level.tscn" id="1_diwh1"]
[ext_resource type="PackedScene" uid="uid://cpl7ycv5fm47e" path="res://scenes/levels/overworld_skin.tscn" id="2_uyjtf"]
[ext_resource type="PackedScene" uid="uid://dyqgpalobdwym" path="res://scenes/levels/moi_bridge.tscn" id="3_x6ria"]
[ext_resource type="PackedScene" uid="uid://dwjrrhoj6ltyx" path="res://graphics/environment/castle.blend" id="4_h4e08"]

[sub_resource type="ProceduralSkyMaterial" id="ProceduralSkyMaterial_q1nay"]
sky_top_color = Color(0.0745863, 0.490864, 0.638583, 1)
sky_horizon_color = Color(0.568647, 0.664966, 0.692896, 1)
ground_horizon_color = Color(0.568647, 0.664966, 0.692896, 1)

[sub_resource type="Sky" id="Sky_ptu30"]
sky_material = SubResource("ProceduralSkyMaterial_q1nay")

[sub_resource type="Environment" id="Environment_obw78"]
background_mode = 1
background_color = Color(0.482353, 0.509804, 0.901961, 1)
sky = SubResource("Sky_ptu30")
ambient_light_source = 2
ambient_light_color = Color(0.968627, 0.835294, 0.858824, 1)
ambient_light_energy = 0.6
ssao_enabled = true
ssil_enabled = true
glow_enabled = true

[sub_resource type="StandardMaterial3D" id="StandardMaterial3D_f5pdw"]
albedo_color = Color(0, 0.533333, 1, 1)

[sub_resource type="PlaneMesh" id="PlaneMesh_k10qv"]
material = SubResource("StandardMaterial3D_f5pdw")
size = Vector2(600, 250)

[node name="Overworld" instance=ExtResource("1_diwh1")]

[node name="WorldEnvironment" type="WorldEnvironment" parent="." index="0"]
environment = SubResource("Environment_obw78")

[node name="DirectionalLight3D" type="DirectionalLight3D" parent="." index="1"]
transform = Transform3D(-0.866023, -0.446688, 0.224663, 0, 0.449322, 0.89337, -0.500003, 0.773679, -0.389123, 0, 0, 0)
light_color = Color(0.941176, 0.941176, 0.941176, 1)
shadow_enabled = true
shadow_opacity = 0.9
shadow_blur = 4.5

[node name="Player" parent="Entities" index="0"]
transform = Transform3D(1, 0, 0, 0, 1, 0, 0, 0, 1, 0.7, 12.5, -87)

[node name="overworld_environment" parent="Environment" index="0" instance=ExtResource("2_uyjtf")]

[node name="Water" type="MeshInstance3D" parent="Environment" index="1"]
transform = Transform3D(1, 0, 0, 0, 1, 0, 0, 0, 1, 0, -47.0499, 209.684)
mesh = SubResource("PlaneMesh_k10qv")

[node name="bridge" parent="Environment" index="2" instance=ExtResource("3_x6ria")]
transform = Transform3D(1, 0, 0, 0, 0.996844, 0.0793812, 0, -0.0793812, 0.996844, 46, -43.9418, 254.342)

[node name="castle" parent="Environment" index="3" instance=ExtResource("4_h4e08")]
transform = Transform3D(0.323769, 0, 0.946136, 0, 1, 0, -0.946136, 0, 0.323769, 131.778, -37.7261, 314.867)

[node name="Camera3D" type="Camera3D" parent="." index="5"]
transform = Transform3D(1, 0, 0, 0, 1, 0, 0, 0, 1, 1.4457, 16.326, -69.9036)
